f= 2.665088, Numer of Invervals = 100, Relative Error =  -0.022417
f= 2.732403, Numer of Invervals = 1000, Relative Error =  0.002275
f= 2.503652, Numer of Invervals = 6821, Relative Error =  -0.081634
f= 2.734722, Numer of Invervals = 6821, Relative Error =  0.003125
